p1 -2 2 -2
p2 2 2 -2
p3 2 -2 -2
p4 -2 -2 -2
p5 -2 2 2
p6 2 2 2
p7 2 -2 2
p8 -2 -2 2
tri1 -2 -2 2
p1 -2 -2 2
p2 -2 -2 2
p3 -2 -2 2
tri2 -2 -2 2
p3 -2 -2 2
p4 -2 -2 2
p1 -2 -2 2
tri3 -2 -2 2
p3 -2 -2 2
p2 -2 -2 2
p6 -2 -2 2
tri4 -2 -2 2
p7 -2 -2 2
p2 -2 -2 2
p6 -2 -2 2
tri5 -2 -2 2
p5 -2 -2 2
p6 -2 -2 2
p7 -2 -2 2
tri6 -2 -2 2
p5 -2 -2 2
p7 -2 -2 2
p8 -2 -2 2
tri7 -2 -2 2
p1 -2 -2 2
p5 -2 -2 2
p8 -2 -2 2
tri8 -2 -2 2
p1 -2 -2 2
p8 -2 -2 2
p4 -2 -2 2
tri9 -2 -2 2
p1 -2 -2 2
p2 -2 -2 2
p6 -2 -2 2
tri10 -2 -2 2
p1 -2 -2 2
p5 -2 -2 2
p6 -2 -2 2
tri11 -2 -2 2
p4 -2 -2 2
p3 -2 -2 2
p7 -2 -2 2
tri12 -2 -2 2
p4 -2 -2 2
p8 -2 -2 2
p7 -2 -2 2
